0 0.078125 0.3046875 0.125 0.125
0 0.15625 0.3125 0.125 0.125
0 0.2265625 0.328125 0.125 0.125
0 0.5 0.375 0.125 0.125
2 0.359375 0.3515625 0.125 0.125
0 0.5625 0.3984375 0.125 0.125
0 0.640625 0.4140625 0.125 0.125
0 0.703125 0.453125 0.125 0.125
0 0.78125 0.4375 0.125 0.125
2 0.921875 0.484375 0.125 0.125
0 0.0625 0.59375 0.125 0.125
0 0.265625 0.6484375 0.125 0.125
0 0.4765625 0.6875 0.125 0.125
2 0.1640625 0.6328125 0.125 0.125
0 0.703125 0.75 0.125 0.125
0 0.765625 0.765625 0.125 0.125
0 0.8359375 0.78125 0.125 0.125
2 0.546875 0.7109375 0.125 0.125
2 0.90625 0.8046875 0.125 0.125