0 0.25 0.265625 0.125 0.125
0 0.3828125 0.3046875 0.125 0.125
2 0.4375 0.3359375 0.125 0.125
0 0.765625 0.390625 0.125 0.125
0 0.890625 0.421875 0.125 0.125
0 0.046875 0.53125 0.09375 0.125
0 0.0546875 0.8828125 0.109375 0.125
0 0.09375 0.53125 0.125 0.125
0 0.1171875 0.90625 0.125 0.125
0 0.28125 0.546875 0.125 0.125
0 0.40625 0.890625 0.125 0.125
2 0.484375 0.8984375 0.125 0.125
3 0.1953125 0.90625 0.125 0.125
3 0.328125 0.90625 0.125 0.125
0 0.546875 0.890625 0.125 0.125
0 0.625 0.890625 0.125 0.125
0 0.921875 0.859375 0.125 0.125