0 0.2421875 0.15625 0.125 0.125
0 0.296875 0.46875 0.125 0.125
0 0.4375 0.2109375 0.125 0.125
2 0.375 0.484375 0.125 0.125
0 0.75 0.265625 0.125 0.125
0 0.8828125 0.3046875 0.125 0.125
2 0.9375 0.3359375 0.125 0.125
0 0.3359375 0.859375 0.125 0.125
0 0.40625 0.8828125 0.125 0.125
0 0.53125 0.53125 0.125 0.125
0 0.546875 0.8828125 0.125 0.125
0 0.59375 0.53125 0.125 0.125
0 0.6171875 0.90625 0.125 0.125
0 0.78125 0.546875 0.125 0.125
0 0.90625 0.890625 0.125 0.125
3 0.6953125 0.90625 0.125 0.125
3 0.828125 0.90625 0.125 0.125