2 0.40625 0.046875 0.125 0.09375
0 0.2421875 0.0625 0.125 0.125
0 0.328125 0.0546875 0.125 0.109375
0 0.4609375 0.4296875 0.125 0.125
0 0.484375 0.0390625 0.125 0.078125
2 0.609375 0.4375 0.125 0.125
2 0.8203125 0.4375 0.125 0.125
0 0.53125 0.4375 0.125 0.125
0 0.546875 0.03125 0.125 0.0625
0 0.6796875 0.4375 0.125 0.125
0 0.75 0.421875 0.125 0.125
0 0.0390625 0.515625 0.078125 0.125
0 0.0625 0.71875 0.125 0.125
0 0.140625 0.5234375 0.125 0.125
0 0.3125 0.734375 0.125 0.125
0 0.328125 0.53125 0.125 0.125
0 0.484375 0.7265625 0.125 0.125
0 0.734375 0.734375 0.125 0.125