2 0.3203125 0.28125 0.125 0.125
2 0.4609375 0.2734375 0.125 0.125
0 0.03125 0.296875 0.0625 0.125
0 0.078125 0.125 0.125 0.125
0 0.15625 0.2890625 0.125 0.125
0 0.2578125 0.1171875 0.125 0.125
2 0.546875 0.09375 0.125 0.125
2 0.703125 0.0625 0.125 0.125
0 0.5859375 0.265625 0.125 0.125
0 0.703125 0.265625 0.125 0.125
0 0.8046875 0.4921875 0.125 0.125
0 0.8125 0.34375 0.125 0.125
0 0.109375 0.53125 0.125 0.125
0 0.125 0.7109375 0.125 0.125
0 0.25 0.5390625 0.125 0.125
0 0.296875 0.7109375 0.125 0.125
0 0.4375 0.546875 0.125 0.125
0 0.4609375 0.7109375 0.125 0.125
0 0.59375 0.5390625 0.125 0.125
0 0.625 0.71875 0.125 0.125
0 0.765625 0.71875 0.125 0.125
0 0.9140625 0.71875 0.125 0.125