2 0.359375 0.09375 0.125 0.125
3 0.15625 0.0546875 0.125 0.109375
0 0.078125 0.21875 0.125 0.125
0 0.2421875 0.265625 0.125 0.125
0 0.3203125 0.2890625 0.125 0.125
0 0.4140625 0.3203125 0.125 0.125
2 0.65625 0.421875 0.125 0.125
0 0.796875 0.4765625 0.125 0.125
2 0.25 0.59375 0.125 0.125
0 0.0625 0.875 0.125 0.125
0 0.09375 0.53125 0.125 0.125
0 0.140625 0.890625 0.125 0.125
0 0.15625 0.5625 0.125 0.125
0 0.28125 0.890625 0.125 0.125
0 0.3671875 0.8984375 0.125 0.125
0 0.40625 0.640625 0.125 0.125
2 0.609375 0.703125 0.125 0.125
2 0.921875 0.671875 0.125 0.125
2 0.9296875 0.75 0.125 0.125
0 0.546875 0.671875 0.125 0.125
0 0.6875 0.71875 0.125 0.125