2 0.0625 0.359375 0.125 0.125
2 0.2109375 0.3359375 0.125 0.125
2 0.5 0.265625 0.125 0.125
0 0.3515625 0.3125 0.125 0.125
2 0.6796875 0.234375 0.125 0.125
0 0.625 0.484375 0.125 0.125
0 0.703125 0.484375 0.125 0.125
0 0.7734375 0.453125 0.125 0.125
0 0.859375 0.203125 0.125 0.125
2 0.40625 0.5390625 0.125 0.125
0 0.2421875 0.5625 0.125 0.125
0 0.328125 0.546875 0.125 0.125
0 0.4609375 0.9296875 0.125 0.125
0 0.484375 0.515625 0.125 0.125
2 0.609375 0.9375 0.125 0.125
2 0.8203125 0.9375 0.125 0.125
0 0.53125 0.9375 0.125 0.125
0 0.546875 0.5 0.125 0.125
0 0.6796875 0.9375 0.125 0.125
0 0.75 0.921875 0.125 0.125