2 0.1796875 0.234375 0.125 0.125
2 0.453125 0.40625 0.125 0.125
0 0.125 0.484375 0.125 0.125
0 0.203125 0.484375 0.125 0.125
0 0.2734375 0.453125 0.125 0.125
0 0.359375 0.203125 0.125 0.125
0 0.5 0.171875 0.125 0.125
0 0.515625 0.390625 0.125 0.125
0 0.625 0.1328125 0.125 0.125
0 0.6328125 0.265625 0.125 0.125
0 0.765625 0.2421875 0.125 0.125
0 0.9140625 0.078125 0.125 0.125
2 0.109375 0.9375 0.125 0.125
2 0.3203125 0.9375 0.125 0.125
0 0.046875 0.9375 0.09375 0.125
0 0.0546875 0.5 0.109375 0.125
0 0.1796875 0.9375 0.125 0.125
0 0.25 0.921875 0.125 0.125
2 0.625 0.9375 0.125 0.125
0 0.5625 0.9375 0.125 0.125