2 0.03125 0.15625 0.0625 0.125
2 0.21875 0.140625 0.125 0.125
0 0.0703125 0.15625 0.125 0.125
0 0.25 0.40625 0.125 0.125
0 0.25 0.484375 0.125 0.125
0 0.296875 0.1328125 0.125 0.125
0 0.4375 0.125 0.125 0.125
0 0.5859375 0.359375 0.125 0.125
2 0.25 0.640625 0.125 0.125
2 0.25 0.78125 0.125 0.125
0 0.0703125 0.7734375 0.125 0.125
0 0.25 0.578125 0.125 0.125
0 0.25 0.7109375 0.125 0.125
0 0.2578125 0.8515625 0.125 0.125
2 0.578125 0.8984375 0.125 0.125
2 0.5859375 0.6953125 0.125 0.125
2 0.5859375 0.8125 0.125 0.125
2 0.59375 0.5390625 0.125 0.125
0 0.59375 0.609375 0.125 0.125