2 0.15625 0.140625 0.125 0.125
0 0.1015625 0.3203125 0.125 0.125
0 0.296875 0.140625 0.125 0.125
0 0.34375 0.3125 0.125 0.125
0 0.421875 0.140625 0.125 0.125
2 0.8203125 0.28125 0.125 0.125
0 0.5078125 0.296875 0.125 0.125
0 0.578125 0.125 0.125 0.125
0 0.65625 0.2890625 0.125 0.125
0 0.7578125 0.1171875 0.125 0.125
0 0.0390625 0.546875 0.078125 0.125
0 0.046875 0.703125 0.09375 0.125
0 0.1640625 0.546875 0.125 0.125
0 0.265625 0.5390625 0.125 0.125
0 0.421875 0.5390625 0.125 0.125
0 0.421875 0.7109375 0.125 0.125
0 0.609375 0.53125 0.125 0.125
0 0.625 0.7109375 0.125 0.125
0 0.75 0.5390625 0.125 0.125
0 0.796875 0.7109375 0.125 0.125
0 0.9375 0.546875 0.125 0.125