2 0.3203125 0.2265625 0.125 0.125
2 0.390625 0.2109375 0.125 0.125
3 0.1875 0.25 0.125 0.125
0 0.0390625 0.1875 0.078125 0.125
0 0.0625 0.0546875 0.125 0.109375
0 0.203125 0.046875 0.125 0.09375
0 0.25 0.25 0.125 0.125
0 0.453125 0.203125 0.125 0.125
0 0.5234375 0.078125 0.125 0.125
0 0.5625 0.140625 0.125 0.125
0 0.5625 0.34375 0.125 0.125
0 0.578125 0.28125 0.125 0.125
0 0.859375 0.2265625 0.125 0.125
0 0.875 0.375 0.125 0.125
2 0.578125 0.796875 0.125 0.125
2 0.609375 0.6484375 0.125 0.125
0 0.578125 0.5 0.125 0.125
0 0.59375 0.578125 0.125 0.125
0 0.609375 0.71875 0.125 0.125
0 0.890625 0.5 0.125 0.125
0 0.890625 0.71875 0.125 0.125
0 0.8984375 0.859375 0.125 0.125